-1
-1
-1
-1
-1
-1
-1
-1
-1
-1
-1
-1
-1
-1
-1
-1
-1
1966
-1
-1
1976
-1
-1
-1
1972
-1
1973
2206
2205
1979
1967
2207
-1
-1
1977
-1
-1
-1
-1
1963
-1
-1
-1
-1
-1
-1
1976
1964
-1
-1
-1
1972
-1
-1
-1
-1
-1
-1
-1
-1
1983
1971
1975
1983
-1
-1
-1
-1
-1
-1
-1
-1
-1
-1
-1
2016
2016
1980
1974
-1
1983
2206
2016
-1
-1
2016
1963
-1
-1
-1
-1
-1
-1
-1
-1
-1
-1
-1
-1
-1
-1
-1
-1
-1
-1
-1
-1
-1
1983
1979
-1
1968
-1
-1
-1
1983
1967
-1
1964
-1
1980
-1
-1
-1
-1
-1
-1
1970
-1
-1
-1
1977
-1
-1
-1
1969
2205
-1
-1
1963
1979
2016
-1
-1
-1
1976
2205
1973
1969
1983
-1
-1
-1
1968
-1
-1
-1
-1
-1
-1
1967
-1
-1
1980
1975
-1
-1
-1
-1
-1
1979
1971
1977
1962
-1
-1
-1
-1
-1
-1
1967
-1
-1
-1
-1
-1
-1
-1
1983
1967
-1
-1
-1
-1
-1
-1
-1
-1
-1
-1
-1
1975
-1
-1
-1
-1
-1
-1
-1
-1
-1
-1
-1
-1
-1
-1
1966
-1
-1
-1
-1
-1
-1
-1
1967
1533
1967
-1
2205
2016
1969
1968
-1
1965
-1
-1
-1
-1
1983
1983
1964
-1
-1
-1
-1
-1
-1
-1
-1
-1
-1
-1
1976
1963
-1
1980
1966
1962
-1
-1
-1
-1
1997
-1
1977
1983
-1
-1
1998
-1
-1
1962
-1
-1
-1
-1
-1
1977
1998
1997
1979
-1
1971
1981
-1
2204
1978
1997
-1
-1
2205
1967
-1
-1
-1
-1
-1
-1
-1
1972
1980
-1
-1
-1
1966
-1
1966
1988
-1
-1
-1
-1
-1
-1
1976
1997
-1
-1
1978
-1
2204
-1
-1
-1
-1
-1
-1
-1
-1
-1
-1
-1
1971
-1
-1
-1
-1
-1
-1
-1
1966
-1
-1
-1
-1
-1
-1
-1
2204
-1
-1
-1
-1
-1
-1
-1
-1
-1
-1
-1
1962
-1
-1
-1
2204
-1
-1
-1
-1
-1
-1
-1
-1
-1
-1
-1
1979
-1
-1
-1
-1
-1
-1
-1
-1
-1
-1
-1
1973
-1
-1
-1
-1
-1
-1
-1
1989
-1
-1
-1
1989
-1
-1
-1
-1
-1
-1
-1
-1
-1
-1
-1
-1
-1
-1
-1
1989
-1
-1
-1
-1
-1
-1
-1
-1
-1
-1
-1
1990
-1
-1
-1
-1
-1
-1
-1
1990
-1
-1
-1
-1
-1
-1
-1
1990
-1
-1
-1
-1
-1
-1
-1
-1
-1
-1
-1
1989
-1
-1
-1
1991
-1
-1
-1
-1
-1
-1
-1
-1
-1
-1
-1
1991
-1
-1
-1
-1
-1
-1
-1
-1
-1
-1
-1
1990
-1
-1
-1
-1
-1
-1
-1
1992
-1
-1
-1
1992
-1
-1
-1
-1
-1
-1
-1
-1
-1
-1
-1
-1
-1
-1
-1
1992
-1
-1
-1
-1
-1
-1
-1
-1
-1
-1
-1
1993
-1
-1
-1
-1
-1
-1
-1
1993
-1
-1
-1
-1
-1
-1
-1
1993
-1
-1
-1
-1
-1
-1
-1
-1
-1
-1
-1
1991
-1
-1
-1
1994
-1
-1
-1
-1
-1
-1
-1
-1
-1
-1
-1
1994
-1
-1
-1
1995
-1
1995
1996
-1
-1
-1
-1
-1
-1
-1
-1
-1
-1
-1
1994
-1
-1
-1
-1
-1
-1
-1
1995
-1
-1
-1
-1
-1
-1
-1
1996
-1
1997
1996
-1
-1
1997
1993
1989
-1
-1
-1
-1
-1
-1
-1
-1
-1
-1
-1
-1
-1
-1
-1
-1
-1
1997
1971
-1
1996
-1
-1
1975
-1
-1
-1
-1
-1
-1
-1
-1
-1
-1
-1
-1
-1
-1
-1
1968
-1
1980
2203
-1
-1
-1
-1
-1
-1
-1
1979
1997
-1
-1
1963
-1
1989
1975
-1
-1
-1
-1
-1
-1
-1
-1
1977
-1
-1
-1
-1
1997
-1
-1
-1
-1
-1
-1
-1
1968
-1
-1
-1
-1
-1
-1
-1
-1
1997
-1
-1
-1
-1
1979
1980
-1
2203
-1
-1
-1
-1
-1
-1
2208
-1
1983
-1
1966
-1
-1
-1
-1
-1
-1
-1
-1
-1
-1
1973
-1
-1
-1
-1
-1
-1
-1
-1
-1
-1
-1
-1
-1
1997
-1
-1
-1
-1
-1
-1
-1
2203
-1
-1
-1
-1
-1
-1
-1
-1
-1
-1
2208
-1
-1
-1
-1
-1
-1
-1
1966
-1
-1
-1
-1
-1
-1
-1
-1
-1
-1
-1
-1
-1
-1
-1
-1
1962
2208
1997
-1
1989
-1
-1
-1
-1
-1
-1
-1
-1
-1
-1
-1
-1
-1
-1
1979
1989
-1
-1
-1
1963
-1
-1
-1
2208
1865
1968
1973
2204
-1
-1
2204
-1
1989
-1
2204
-1
1977
-1
2208
-1
-1
-1
-1
-1
-1
-1
1980
-1
-1
-1
-1
-1
-1
1980
2204
1970
1962
-1
1979
1970
-1
-1
-1
1980
-1
1969
-1
1968
2204
1988
-1
-1
-1
-1
-1
-1
-1
1973
-1
-1
-1
-1
-1
-1
-1
-1
-1
1997
1989
-1
-1
-1
-1
-1
-1
1976
-1
-1
-1
1967
1989
1967
-1
1989
-1
-1
-1
-1
2208
2204
1968
2204
1988
1962
-1
1970
1980
-1
-1
-1
-1
-1
2016
-1
1966
1981
1979
-1
-1
-1
1988
-1
-1
1968
-1
-1
-1
-1
-1
-1
1973
2208
-1
-1
-1
-1
1997
-1
-1
-1
-1
-1
1544
2213
-1
2204
-1
-1
1968
-1
-1
-1
1994
-1
-1
-1
-1
1989
1989
-1
-1
-1
-1
-1
-1
-1
-1
-1
-1
-1
-1
-1
-1
1988
1548
-1
-1
-1
-1
2209
-1
-1
2208
-1
-1
-1
-1
-1
-1
1983
2208
-1
1974
1976
-1
-1
-1
-1
-1
-1
2209
-1
-1
-1
-1
-1
-1
-1
1981
-1
-1
-1
-1
-1
-1
-1
-1
-1
-1
-1
-1
-1
-1
-1
-1
-1
-1
-1
-1
-1
-1
-1
-1
-1
-1
-1
-1
-1
-1
-1
-1
-1
-1
-1
-1
-1
-1
-1
-1
-1
-1
-1
-1
-1
-1
-1
-1
-1
-1
-1
-1
-1
-1
-1
-1
-1
1964
-1
-1
1976
1972
-1
-1
-1
-1
-1
-1
1983
-1
-1
1967
1964
-1
-1
-1
-1
-1
-1
-1
-1
-1
-1
-1
-1
-1
-1
1998
1976
-1
-1
-1
-1
-1
1533
-1
-1
-1
-1
-1
1979
-1
-1
-1
-1
-1
1967
-1
-1
-1
-1
-1
1533
-1
-1
-1
1983
1968
-1
-1
-1
-1
1963
-1
-1
-1
1979
1969
2016
-1
-1
-1
2205
-1
-1
-1
-1
-1
-1
-1
-1
-1
1966
-1
1980
-1
-1
-1
-1
1971
1968
2205
2016
-1
-1
1979
-1
-1
1974
-1
1968
-1
-1
-1
-1
-1
-1
-1
1963
2205
-1
-1
1984
-1
1977
2207
1972
-1
-1
1978
-1
-1
-1
-1
-1
-1
-1
-1
-1
-1
-1
-1
-1
-1
-1
-1
1962
-1
1976
1967
-1
1980
-1
-1
-1
1978
-1
-1
-1
1979
-1
2207
1963
1979
2205
2205
-1
1977
-1
-1
-1
2205
-1
-1
-1
-1
-1
-1
-1
1974
-1
-1
-1
-1
2198
1975
1964
-1
-1
-1
-1
-1
-1
-1
-1
-1
-1
-1
-1
-1
-1
-1
-1
-1
-1
-1
-1
-1
-1
-1
-1
-1
-1
-1
-1
-1
-1
-1
-1
-1
-1
-1
-1
-1
-1
-1
-1
1998
1983
-1
1530
-1
-1
-1
2203
1861
1970
-1
2199
-1
2198
-1
-1
-1
-1
-1
-1
-1
-1
-1
-1
-1
1967
2203
-1
-1
-1
-1
-1
1972
-1
-1
-1
-1
-1
2204
1963
-1
-1
-1
-1
-1
-1
-1
1966
2198
-1
-1
-1
-1
-1
-1
-1
-1
-1
-1
-1
-1
-1
-1
-1
-1
-1
2204
-1
-1
-1
-1
-1
-1
-1
-1
-1
-1
-1
-1
-1
-1
-1
-1
-1
1876
-1
-1
-1
-1
-1
-1
-1
-1
-1
-1
-1
-1
-1
-1
2198
1975
-1
-1
-1
-1
-1
-1
-1
-1
-1
-1
-1
-1
-1
-1
-1
-1
-1
-1
-1
-1
-1
-1
-1
-1
-1
-1
-1
-1
-1
-1
-1
-1
-1
-1
-1
-1
1875
-1
-1
-1
-1
-1
-1
-1
-1
-1
1964
-1
-1
1875
-1
-1
-1
-1
-1
-1
-1
-1
1973
-1
-1
-1
-1
-1
-1
-1
-1
-1
2197
2197
-1
-1
-1
-1
-1
-1
-1
-1
-1
1975
-1
-1
-1
-1
-1
-1
-1
-1
-1
-1
-1
-1
-1
-1
-1
-1
-1
-1
-1
-1
-1
-1
-1
-1
-1
-1
-1
-1
-1
-1
-1
-1
-1
-1
-1
-1
-1
-1
-1
-1
-1
-1
-1
-1
-1
-1
-1
-1
-1
-1
-1
-1
-1
-1
-1
-1
-1
-1
-1
-1
-1
-1
-1
-1
-1
-1
-1
-1
-1
-1
-1
-1
-1
-1
-1
-1
-1
-1
-1
-1
-1
-1
-1
-1
-1
-1
-1
-1
-1
-1
-1
-1
-1
-1
-1
-1
-1
-1
-1
-1
-1
-1
-1
-1
-1
-1
-1
-1
-1
-1
-1
-1
-1
-1
-1
-1
-1
-1
-1
-1
-1
-1
-1
-1
-1
-1
-1
-1
-1
-1
-1
-1
-1
-1
-1
-1
-1
-1
-1
-1
-1
-1
-1
-1
-1
-1
-1
-1
-1
-1
-1
-1
-1
-1
-1
-1
-1
-1
-1
-1
-1
-1
-1
-1
-1
-1
-1
-1
-1
-1
-1
-1
-1
-1
-1
-1
-1
-1
-1
-1
-1
-1
-1
-1
-1
-1
-1
-1
-1
-1
-1
-1
-1
-1
-1
-1
-1
-1
-1
-1
-1
-1
-1
-1
-1
-1
-1
-1
-1
-1
-1
-1
-1
-1
-1
-1
-1
-1
-1
-1
-1
-1
-1
-1
-1
-1
-1
-1
-1
-1
-1
-1
-1
-1
-1
-1
-1
-1
-1
-1
-1
-1
-1
-1
-1
-1
-1
-1
-1
-1
-1
-1
-1
-1
-1
-1
-1
-1
-1
-1
-1
-1
-1
-1
-1
-1
-1
-1
-1
-1
-1
-1
-1
-1
-1
-1
-1
-1
-1
-1
1530
1861
-1
-1
-1
-1
-1
1965
2198
1976
-1
-1
-1
-1
-1
-1
-1
-1
-1
-1
-1
-1
-1
-1
-1
-1
-1
-1
-1
-1
-1
2240
-1
-1
-1
-1
1876
-1
-1
-1
-1
-1
-1
-1
-1
-1
-1
-1
-1
1862
-1
-1
1964
1861
1983
2198
2198
-1
2203
-1
-1
-1
-1
-1
-1
-1
-1
-1
2198
-1
1530
1875
-1
1861
-1
-1
-1
-1
-1
2204
-1
1861
-1
-1
-1
-1
-1
2204
-1
-1
-1
-1
-1
-1
2199
1976
1968
-1
-1
1965
-1
-1
2198
-1
-1
1972
1978
-1
-1
-1
-1
-1
-1
-1
-1
-1
-1
-1
1973
-1
-1
-1
-1
2205
-1
-1
-1
1969
1962
-1
1980
-1
-1
-1
1966
-1
-1
-1
-1
-1
-1
-1
1965
-1
1984
1531
1979
2197
-1
1968
1970
-1
-1
-1
1977
1846
-1
-1
-1
-1
2205
-1
1972
-1
-1
-1
-1
-1
1966
1864
-1
-1
-1
1984
1863
-1
-1
-1
-1
-1
-1
-1
-1
-1
-1
1863
-1
1979
-1
-1
-1
-1
1861
1861
-1
-1
-1
-1
-1
-1
-1
-1
-1
-1
-1
-1
1861
-1
-1
-1
-1
1966
-1
-1
-1
-1
-1
-1
-1
-1
1859
1861
1965
1859
1963
2205
-1
1858
1981
2205
1968
-1
2205
1977
-1
-1
-1
-1
-1
-1
-1
-1
-1
-1
-1
-1
1979
-1
-1
-1
-1
-1
-1
-1
-1
-1
-1
-1
-1
1863
1864
-1
-1
-1
-1
-1
-1
-1
-1
-1
-1
-1
-1
-1
-1
-1
-1
-1
-1
-1
-1
-1
-1
-1
-1
-1
-1
-1
-1
-1
-1
1863
-1
2205
1976
-1
-1
-1
-1
1965
-1
1861
-1
-1
-1
